1628
2 19 1801 
2 21 733 
2 38 5577 
2 42 1209 
2 43 6513 
2 46 4709 
2 79 4193 
2 80 7110 
2 84 2022 
2 90 2239 
2 95 9372 
2 154 3131 
2 156 6953 
2 161 5599 
2 166 8842 
2 167 4669 
2 176 8870 
2 179 1809 
2 187 4211 
2 190 3860 
2 195 4254 
2 299 6636 
2 315 7309 
2 320 5917 
2 322 4894 
2 330 163 
2 334 3017 
2 341 3941 
2 342 1331 
2 347 8409 
2 361 7087 
2 364 378 
2 367 1700 
2 377 7459 
2 389 2498 
2 390 4344 
2 619 2951 
2 623 6432 
2 643 9575 
2 646 669 
2 650 7388 
2 653 1716 
2 655 934 
2 663 2560 
2 670 8268 
2 681 7177 
2 692 6897 
2 694 6541 
2 718 2841 
2 720 784 
2 721 3536 
2 734 5573 
2 736 2318 
2 747 4518 
2 749 9205 
2 754 9954 
2 758 9819 
2 761 831 
2 768 5779 
2 779 935 
2 1208 3782 
2 1223 219 
2 1274 3312 
2 1278 3584 
2 1280 2281 
2 1290 610 
2 1294 2722 
2 1301 6586 
2 1304 3216 
2 1307 7289 
2 1314 8694 
2 1317 3411 
2 1327 8015 
2 1343 1130 
2 1346 9140 
2 1352 6307 
2 1356 6497 
2 1362 6958 
2 1363 7096 
2 1366 7223 
2 1367 2463 
2 1375 4646 
2 1379 3610 
2 1391 3893 
2 1398 9225 
2 1403 8502 
2 1410 3006 
2 1412 7229 
2 1419 9367 
2 1420 4789 
2 1424 5254 
2 1434 8310 
2 1435 2563 
2 1449 9553 
2 1456 348 
2 1463 1615 
2 1466 7556 
2 1470 1661 
2 1474 4693 
2 1477 9570 
2 1478 4791 
2 1481 1685 
2 1482 7799 
2 1486 8771 
2 1496 4726 
2 1500 633 
2 1503 1909 
2 1511 7541 
2 1520 6457 
2 1539 7669 
2 1543 388 
2 1557 405 
2 1560 280 
2 1565 2579 
2 1566 2789 
2 2431 1783 
2 2464 6132 
2 2485 7786 
2 2501 3442 
2 2507 3262 
2 2513 217 
2 2519 3965 
2 2521 8987 
2 2524 4910 
2 2525 3300 
2 2532 279 
2 2534 5313 
2 2539 2750 
2 2542 3721 
2 2547 6180 
2 2576 7501 
2 2577 2065 
2 2580 3927 
2 2594 7898 
2 2597 8665 
2 2599 1899 
2 2603 1184 
2 2609 89 
2 2615 3124 
2 2618 1638 
2 2625 3947 
2 2630 2184 
2 2631 9754 
2 2636 4981 
2 2639 2947 
2 2640 7502 
2 2641 3929 
2 2643 4544 
2 2644 4538 
2 2646 9882 
2 2662 3424 
2 2677 9156 
2 2681 757 
2 2682 1299 
2 2688 144 
2 2700 9670 
2 2704 2990 
2 2710 207 
2 2719 1120 
2 2721 2480 
2 2725 6805 
2 2729 2050 
2 2734 1138 
2 2735 7274 
2 2737 157 
2 2739 5429 
2 2742 5804 
2 2743 6331 
2 2758 7014 
2 2761 7962 
2 2767 618 
2 2768 3353 
2 2774 9491 
2 2777 3178 
2 2788 8886 
2 2791 4392 
2 2794 9152 
2 2797 4948 
2 2800 356 
2 2801 728 
2 2803 6425 
2 2808 7216 
2 2813 1958 
2 2815 8534 
2 2825 108 
2 2827 7298 
2 2830 6387 
2 2838 9100 
2 2842 1227 
2 2844 9647 
2 2851 2805 
2 2856 8645 
2 2864 616 
2 2865 5741 
2 2867 6796 
2 2876 5825 
2 2882 6087 
2 2886 6814 
2 2893 9172 
2 2896 4634 
2 2901 9617 
2 2904 9870 
2 2909 3425 
2 2910 867 
2 2915 1479 
2 2918 5771 
2 2921 5958 
2 2936 6620 
2 2943 800 
2 2945 7349 
2 2958 9582 
2 2959 2435 
2 2965 7434 
2 2971 8309 
2 2976 4403 
2 2979 6125 
2 2981 4906 
2 2984 189 
2 2991 1099 
2 2995 5294 
2 2998 7060 
2 3003 6692 
2 3008 1788 
2 3016 2451 
2 3019 2586 
2 3026 7835 
2 3033 8493 
2 3039 1235 
2 3040 2470 
2 3049 1679 
2 3061 9323 
2 3063 2356 
2 3065 1188 
2 3067 1180 
2 3070 5379 
2 3077 1230 
2 3081 1105 
2 3093 7479 
2 3095 7807 
2 3101 509 
2 3109 2384 
2 3113 1335 
2 3116 782 
2 3118 7965 
2 3133 7753 
2 3139 1111 
2 4822 9230 
2 4832 9194 
2 4842 1461 
2 4846 6595 
2 4860 4678 
2 4890 6520 
2 4899 828 
2 4919 4613 
2 4932 9901 
2 4938 1172 
2 4947 2444 
2 4952 159 
2 4966 3888 
2 4976 2731 
2 4979 5770 
2 4996 1867 
2 5000 6373 
2 5009 8539 
2 5011 1627 
2 5018 1814 
2 5021 6529 
2 5023 3334 
2 5030 133 
2 5033 3783 
2 5036 7903 
2 5045 8633 
2 5054 6227 
2 5057 7684 
2 5060 4094 
2 5062 1985 
2 5063 8618 
2 5068 2334 
2 5076 5391 
2 5080 5966 
2 5089 9535 
2 5092 5586 
2 5102 3401 
2 5105 1836 
2 5108 218 
2 5111 7969 
2 5114 7925 
2 5126 9534 
2 5129 1221 
2 5132 5398 
2 5137 5972 
2 5139 2987 
2 5141 8165 
2 5143 1781 
2 5145 3744 
2 5147 3445 
2 5159 4487 
2 5167 6417 
2 5182 7980 
2 5185 5104 
2 5194 7371 
2 5204 9200 
2 5213 1292 
2 5217 7675 
2 5228 3076 
2 5243 7065 
2 5249 7672 
2 5256 4529 
2 5267 9846 
2 5275 5594 
2 5285 8638 
2 5291 9770 
2 5298 3521 
2 5301 7043 
2 5303 1928 
2 5307 977 
2 5309 5511 
2 5319 771 
2 5321 6259 
2 5328 827 
2 5331 3807 
2 5334 7902 
2 5337 2087 
2 5339 8584 
2 5345 8934 
2 5349 9209 
2 5352 4628 
2 5358 9356 
2 5369 1683 
2 5372 7664 
2 5381 6068 
2 5384 894 
2 5390 1870 
2 5393 9089 
2 5396 2567 
2 5403 2835 
2 5406 1469 
2 5415 3115 
2 5417 6409 
2 5423 6973 
2 5430 7744 
2 5433 930 
2 5436 4833 
2 5439 304 
2 5447 5122 
2 5464 8732 
2 5491 241 
2 5497 2011 
2 5500 4149 
2 5506 4553 
2 5512 3313 
2 5514 4882 
2 5519 199 
2 5524 7553 
2 5527 8853 
2 5528 8776 
2 5533 9860 
2 5539 7642 
2 5546 2179 
2 5552 2564 
2 5562 7163 
2 5565 7544 
2 5571 8068 
2 5580 4337 
2 5585 2227 
2 5591 5725 
2 5605 5192 
2 5608 6301 
2 5611 3541 
2 5614 9179 
2 5618 7878 
2 5620 8298 
2 5623 1277 
2 5634 9406 
2 5637 5329 
2 5639 5663 
2 5645 1574 
2 5664 4355 
2 5667 7795 
2 5674 2288 
2 5692 9710 
2 5695 5206 
2 5698 819 
2 5706 6213 
2 5707 7546 
2 5709 6904 
2 5711 3753 
2 5716 4468 
2 5717 2418 
2 5722 4714 
2 5726 9863 
2 5727 425 
2 5740 5424 
2 5748 5612 
2 5757 5848 
2 5778 4143 
2 5781 7948 
2 5784 2163 
2 5789 9232 
2 5797 9329 
2 5799 4598 
2 5814 5534 
2 5818 6629 
2 5830 5510 
2 5842 769 
2 5847 3208 
2 5852 3209 
2 5858 6484 
2 5861 226 
2 5867 3812 
2 5870 2344 
2 5876 1376 
2 5885 1563 
2 5893 2201 
2 5900 9158 
2 5906 4986 
2 5911 9423 
2 5922 789 
2 5925 719 
2 5937 3917 
2 5940 8103 
2 5946 9346 
2 5955 9555 
2 5957 9862 
2 5965 9876 
2 5971 383 
2 5974 6253 
2 5976 128 
2 5978 8321 
2 5979 2152 
2 5987 9314 
2 5993 5316 
2 6009 6917 
2 6013 441 
2 6019 958 
2 6025 8064 
2 6027 8086 
2 6045 349 
2 6049 6701 
2 6057 1949 
2 6059 7758 
2 6061 7946 
2 6066 8347 
2 6070 1131 
2 6073 4939 
2 6075 6456 
2 6086 9737 
2 6089 5148 
2 6092 1284 
2 6099 6279 
2 6105 3859 
2 6108 1868 
2 6113 8080 
2 6117 8379 
2 6120 8686 
2 6138 2382 
2 6143 3784 
2 6145 2550 
2 6150 2878 
2 6153 3949 
2 6166 5410 
2 6169 693 
2 6172 1611 
2 6177 3247 
2 6181 1732 
2 6183 1818 
2 6190 7507 
2 6195 2035 
2 6200 3821 
2 6207 8406 
2 6209 8875 
2 6214 8726 
2 6217 4621 
2 6235 6843 
2 6241 8412 
2 6249 2483 
2 6251 200 
2 6260 6233 
2 6276 268 
2 6281 4632 
2 6285 8970 
2 6287 4675 
2 9660 4918 
2 9664 8084 
2 9671 2417 
2 9698 8716 
2 9701 1624 
2 9707 4196 
2 9736 8793 
2 9749 3491 
2 9759 5253 
2 9773 8759 
2 9785 8316 
2 9807 3381 
2 9816 7233 
2 9822 1093 
2 9832 3817 
2 9885 6096 
2 9912 5246 
2 9915 2775 
2 9937 7117 
2 9941 2406 
2 9969 8464 
2 9975 5736 
3 4 1761 2148 
3 13 2472 252 
3 23 5245 1649 
3 51 4783 4595 
3 54 2685 4688 
3 61 9105 1250 
3 83 5166 4949 
3 93 9995 1012 
3 123 554 1194 
3 173 8908 8752 
3 180 9633 6719 
3 203 6809 8859 
3 227 3679 640 
3 230 7697 9957 
3 255 9488 4767 
3 262 5175 1606 
3 272 8567 2946 
3 287 8640 419 
3 288 899 6356 
3 291 1086 5276 
3 292 3038 3097 
3 343 2278 5954 
3 376 4359 4958 
3 392 4046 1750 
3 393 500 6161 
3 401 3590 956 
3 414 7881 457 
3 415 1983 7586 
3 427 4434 3021 
3 498 3902 2824 
3 499 568 1084 
3 516 1296 6612 
3 519 8952 6693 
3 526 3880 3824 
3 549 1865 1669 
3 550 5831 8978 
3 555 8393 7616 
3 571 1774 4564 
3 572 8572 1848 
3 583 3878 6803 
3 596 4136 5903 
3 668 678 3811 
3 677 4016 2024 
3 690 8562 2672 
3 695 6637 4335 
3 697 2495 5657 
3 703 7984 9987 
3 715 7425 4992 
3 753 5872 9418 
3 755 8977 1321 
3 777 9519 9600 
3 794 2072 6003 
3 803 5482 4534 
3 815 8326 2891 
3 845 7410 6332 
3 860 3875 8486 
3 863 4339 4877 
3 865 7602 802 
3 880 4982 9993 
3 893 5817 9540 
3 903 229 8804 
3 910 4787 1377 
3 922 1979 4826 
3 943 2164 5212 
3 990 9157 4747 
3 1035 4501 4892 
3 1046 5059 2671 
3 1058 2264 5043 
3 1074 115 8235 
3 1075 4095 8382 
3 1109 7899 5077 
3 1119 6899 6711 
3 1147 9877 2549 
3 1189 1488 2852 
3 1191 6023 4818 
3 1196 1170 1127 
3 1358 7731 3694 
3 1368 1382 6553 
3 1404 4708 1174 
3 1453 5836 7521 
3 1495 8139 465 
3 1514 7877 4742 
3 1538 9198 5082 
3 1540 3809 4801 
3 1553 9269 8215 
3 1559 9716 7924 
3 1581 9446 2786 
3 1599 9431 885 
3 1618 7407 6450 
3 1646 2074 7674 
3 1652 86 4387 
3 1665 7461 6959 
3 1688 487 9137 
3 1698 2903 6915 
3 1699 6311 3347 
3 1705 2149 9047 
3 1731 9838 6925 
3 1749 4069 1426 
3 1794 3012 9489 
3 1799 5719 5422 
3 1835 2242 7430 
3 1841 7532 5881 
3 1850 7994 5443 
3 1862 3515 6005 
3 1880 8629 9475 
3 1891 3665 8571 
3 1904 4811 2629 
3 1911 4267 76 
3 1915 6046 1369 
3 1918 2527 4245 
3 1935 1953 6104 
3 1971 4249 2751 
3 1978 4662 3261 
3 1982 6544 2634 
3 1993 7194 2668 
3 2038 8498 3773 
3 2054 4328 9635 
3 2057 982 7559 
3 2066 1118 9958 
3 2086 8642 4578 
3 2166 6130 6846 
3 2172 3547 1951 
3 2173 6600 9624 
3 2206 7868 6472 
3 2252 2582 9859 
3 2268 5505 9338 
3 2279 473 2911 
3 2289 6223 7805 
3 2321 3265 3281 
3 2326 6990 1192 
3 2347 7123 2781 
3 2378 9679 2016 
3 2676 3428 8263 
3 2689 7220 2707 
3 2692 9173 2343 
3 2709 4640 3641 
3 2711 6705 849 
3 2746 3991 471 
3 2747 7964 2198 
3 2770 3020 1908 
3 2785 8027 1181 
3 2793 6903 9978 
3 2818 9752 1157 
3 2831 6726 2367 
3 2839 9583 4215 
3 2880 3203 6022 
3 2883 1106 8222 
3 2889 4340 708 
3 2892 433 7727 
3 2899 9038 5763 
3 2913 541 1840 
3 2916 4790 5536 
3 2928 2702 6478 
3 2934 5813 1668 
3 2950 9486 1381 
3 2956 825 6492 
3 2961 4456 1400 
3 2963 2025 204 
3 2974 9721 8863 
3 2980 8202 608 
3 2992 8667 70 
3 3044 8006 919 
3 3051 1535 2159 
3 3058 3235 7729 
3 3060 6263 2033 
3 3066 2437 3004 
3 3069 8919 5606 
3 3080 234 4000 
3 3085 430 270 
3 3090 1640 3926 
3 3099 456 131 
3 3102 3311 1062 
3 3123 8089 8454 
3 3125 7397 5208 
3 3146 9699 978 
3 3147 97 5986 
3 3154 2661 9768 
3 3158 372 9086 
3 3186 1036 8180 
3 3189 2977 8447 
3 3199 3212 1519 
3 3213 439 1796 
3 3218 4942 9584 
3 3225 4221 9398 
3 3233 7991 1318 
3 3256 9944 8383 
3 3292 7800 7895 
3 3298 9083 1694 
3 3303 1279 5732 
3 3318 4238 458 
3 3321 8037 6972 
3 3324 6302 7554 
3 3327 2953 7362 
3 3335 6197 3364 
3 3346 1755 8815 
3 3385 4116 4596 
3 3419 9035 9564 
3 3438 9094 6818 
3 3446 2028 7850 
3 3487 7889 6232 
3 3513 31 7632 
3 3539 5106 4488 
3 3556 4291 842 
3 3580 9223 1043 
3 3586 9595 615 
3 3612 8426 6473 
3 3619 9227 68 
3 3628 7395 613 
3 3669 4099 3903 
3 3688 6315 953 
3 3712 3555 1167 
3 3716 1270 6452 
3 3734 1892 7132 
3 3747 2215 5951 
3 3798 2304 9280 
3 3813 153 7826 
3 3854 4155 7036 
3 3863 5863 2358 
3 3884 937 9524 
3 3898 193 293 
3 3907 4679 395 
3 3933 3761 1650 
3 3968 8821 3838 
3 3975 2533 3263 
3 4006 3504 7743 
3 4059 7197 7018 
3 4088 7963 3911 
3 4163 9692 4841 
3 4174 2442 8727 
3 4177 6245 4001 
3 4192 8201 6430 
3 4197 5199 5980 
3 4201 5834 9260 
3 4217 8729 9085 
3 4226 2712 8177 
3 4255 365 459 
3 4290 4605 1806 
3 4312 8897 9181 
3 4330 9272 1898 
3 4379 7190 4156 
3 4425 9073 7665 
3 4450 5442 4325 
3 4486 4840 8753 
3 4508 6304 8372 
3 4520 4804 4489 
3 4547 6524 896 
3 4599 3506 5189 
3 4616 2730 2234 
3 4630 1137 143 
3 4666 6671 1212 
3 4681 2199 8996 
3 4721 8021 8773 
3 4734 381 9008 
3 4737 5268 6581 
3 4740 417 9261 
3 4754 558 9744 
3 4813 4394 472 
3 5338 3011 170 
3 5343 9734 6421 
3 5362 5896 7221 
3 5370 6574 8519 
3 5397 6700 7970 
3 5404 6184 6873 
3 5412 5908 7876 
3 5444 5756 8196 
3 5448 8276 5451 
3 5453 9096 8632 
3 5463 0 3121 
3 5470 4465 6446 
3 5481 6264 1047 
3 5498 5566 5939 
3 5508 3724 6248 
3 5523 2467 9573 
3 5550 5277 7975 
3 5558 6203 6659 
3 5561 8264 6681 
3 5598 6596 5040 
3 5613 1044 1199 
3 5619 6015 2983 
3 5643 9299 9891 
3 5648 6942 7386 
3 5658 9210 3681 
3 5670 6522 9996 
3 5676 5240 5860 
3 5689 4659 6648 
3 5696 1179 5947 
3 5699 8133 9068 
3 5708 9328 2875 
3 5714 3412 8143 
3 5721 8711 1411 
3 5731 3226 3127 
3 5745 8801 1569 
3 5752 1593 4511 
3 5790 6017 2337 
3 5809 7509 6112 
3 5822 7384 2506 
3 5840 5173 7500 
3 5844 9836 1616 
3 5850 3517 3031 
3 5862 2062 3894 
3 5877 8160 355 
3 5888 514 8864 
3 5895 6246 3563 
3 5936 6351 8413 
3 5952 8828 5157 
3 5960 2601 2120 
3 5973 4206 8336 
3 5977 7555 968 
3 5995 5730 1768 
3 6000 1751 5198 
3 6008 8876 4188 
3 6021 6280 6960 
3 6029 1409 240 
3 6063 7751 9935 
3 6069 2954 5368 
3 6078 8031 4092 
3 6081 6051 6275 
3 6097 7633 1843 
3 6114 9920 4858 
3 6128 3657 955 
3 6189 3972 431 
3 6210 2578 2949 
3 6222 6576 7614 
3 6225 9187 6698 
3 6261 2193 2762 
3 6278 9332 3956 
3 6323 6964 7995 
3 6337 620 9767 
3 6345 9656 1259 
3 6353 1744 4796 
3 6391 7663 2632 
3 6411 2694 136 
3 6423 6761 6824 
3 6462 9538 2102 
3 6485 2713 6844 
3 6494 8822 37 
3 6499 4104 183 
3 6508 4798 8252 
3 6516 1475 9413 
3 6519 8568 3793 
3 6535 1961 8435 
3 6539 6352 6121 
3 6551 3370 4777 
3 6560 2399 1546 
3 6563 6887 4502 
3 6621 4635 7471 
3 6633 2207 9075 
3 6664 2297 7357 
3 6683 9036 6963 
3 6699 6471 7320 
3 6709 756 7812 
3 6718 4400 602 
3 6727 9009 3543 
3 6740 5897 8353 
3 6748 7724 7387 
3 6763 4358 3951 
3 6767 4248 7094 
3 6788 5024 335 
3 6812 7206 2596 
3 6815 3141 6506 
3 6830 4399 8093 
3 6831 462 9578 
3 6848 2610 40 
3 6859 8930 6127 
3 6866 2210 1371 
3 6884 221 4504 
3 6901 2859 5181 
3 6912 9114 4736 
3 6924 7078 725 
3 6945 1536 5628 
3 6952 1678 2059 
3 6967 6448 6175 
3 6983 9659 5125 
3 6993 1161 7959 
3 6998 9820 3651 
3 7011 6148 840 
3 7019 4994 511 
3 7033 8663 2412 
3 7042 6944 2683 
3 7048 2469 8438 
3 7059 9651 78 
3 7068 7694 6229 
3 7075 7859 4097 
3 7091 1778 1009 
3 7097 8028 8737 
3 7121 644 7742 
3 7127 2307 502 
3 7134 8022 1959 
3 7140 4549 2101 
3 7143 7557 9678 
3 7176 3841 9015 
3 7187 8576 5631 
3 7200 7960 152 
3 7213 6725 2169 
3 7236 1220 8097 
3 7248 4567 2388 
3 7263 4689 8256 
3 7270 5959 848 
3 7275 5882 6034 
3 7293 793 6746 
3 7299 8950 7631 
3 7324 7423 8903 
3 7329 3743 7971 
3 7333 1807 726 
3 7365 8643 1080 
3 7400 1165 7314 
3 7441 20 9892 
3 7460 4855 9887 
3 7478 413 4723 
3 7483 7581 2929 
3 7490 579 1590 
3 7506 305 3698 
3 7510 467 4047 
3 7514 2669 2137 
3 7528 6922 4298 
3 7564 1502 2002 
3 7576 8398 9274 
3 7580 6674 5950 
3 7600 4173 346 
3 7608 6479 6291 
3 7636 6095 4750 
3 7640 4451 2799 
3 7656 740 7906 
3 7695 7713 8212 
3 7717 57 4554 
3 7735 1586 3246 
3 7761 4246 4922 
3 7775 5146 1549 
3 7788 2898 2432 
3 7793 2019 2232 
3 7804 7951 5346 
3 7820 5026 3581 
3 7832 949 9065 
3 7840 1276 8986 
3 7845 3449 8206 
3 7856 1416 7024 
3 7873 7252 4314 
3 7894 8456 7565 
3 7919 9830 1286 
3 7967 2531 4030 
3 7988 4311 16 
3 7992 9313 6270 
3 8002 3161 6244 
3 8034 3482 4653 
3 8045 9526 1516 
3 8052 1793 8229 
3 8061 3431 5401 
3 8070 9294 7653 
3 8077 6630 6258 
3 8091 5387 8675 
3 8108 7813 4856 
3 8112 5200 9543 
3 8128 3748 4176 
3 8141 3332 1527 
3 8159 4398 8277 
3 8166 3930 2047 
3 8171 6294 3174 
3 8208 9810 8440 
3 8214 8965 1201 
3 8220 9333 9551 
3 8228 1032 9458 
3 8244 5672 1452 
3 8273 2303 3316 
3 8282 675 8289 
3 8303 6920 9680 
3 8311 5237 4623 
3 8318 6828 6744 
3 8359 7150 6962 
3 8365 1986 4914 
3 8439 6569 3407 
3 8461 2143 9251 
3 8475 4713 8654 
3 8484 9711 5769 
3 8491 4935 4164 
3 8507 2422 8179 
3 8511 5373 858 
3 8525 8067 5400 
3 8533 4144 30 
3 8542 4898 9858 
3 8546 225 4447 
3 8551 8918 9022 
3 8555 6604 7957 
3 8564 3570 7237 
3 8570 9149 2335 
3 8588 9655 8981 
3 8593 4407 2328 
3 8621 7828 4562 
3 8635 7418 185 
3 8655 8808 3274 
3 8703 6118 7849 
3 8709 9611 2402 
3 8719 9985 6590 
3 8728 6002 4482 
3 8747 2570 6126 
3 8768 8756 6398 
3 8784 6851 3355 
3 8792 6766 94 
3 8817 5471 4558 
3 8836 1110 7721 
3 8844 8472 7085 
3 8868 5098 8340 
3 8872 1639 9771 
3 8879 2235 9927 
3 8883 576 8388 
3 8922 6090 4546 
3 8927 6669 8806 
3 8941 4694 2591 
3 8960 2466 7315 
3 8979 5944 3883 
3 8994 1288 7634 
3 9000 7247 2046 
3 9029 3587 3078 
3 9054 5019 9745 
3 9059 5812 8734 
3 9084 2333 160 
3 9107 2205 5323 
3 9134 1754 9613 
3 9139 3615 2216 
3 9146 5041 1313 
3 9159 7693 6774 
3 9171 1266 5621 
3 9208 2294 22 
3 9248 5702 101 
3 9297 7815 6739 
3 9311 5460 6697 
3 9318 4172 3439 
3 9347 8573 4308 
3 9357 9013 9603 
3 9387 9003 7491 
3 9415 4746 7686 
3 9421 2237 6064 
3 9436 1653 3578 
3 9451 906 7931 
3 9493 5134 1480 
3 9502 5171 2390 
3 9506 3849 6035 
3 9557 5234 9844 
3 9590 796 8049 
3 9616 1656 8411 
4 9 3715 674 5592 
4 17 2481 8387 9532 
4 24 7319 464 7861 
4 28 1589 211 7499 
4 34 7526 2400 7733 
4 44 2545 4004 847 
4 47 7757 2228 3940 
4 60 9795 7305 1450 
4 81 5074 902 1673 
4 85 5729 7851 586 
4 103 2727 8608 7136 
4 124 8578 5061 8258 
4 168 9566 6336 8487 
4 172 9344 3170 8626 
4 177 3593 9275 3475 
4 186 915 6578 884 
4 188 7862 1383 8115 
4 249 1056 6685 1260 
4 283 8803 3686 2759 
4 296 6666 5991 8923 
4 300 4879 147 3718 
4 301 7083 7447 1946 
4 316 6016 2260 6585 
4 325 5920 1090 359 
4 332 4961 2548 1707 
4 396 4439 1571 2627 
4 402 4038 5823 1152 
4 421 5913 2589 6255 
4 444 3104 8081 4491 
4 451 7522 7922 7026 
4 477 597 2125 9414 
4 489 1735 4671 4555 
4 525 7119 8751 7981 
4 530 1874 9748 2428 
4 545 6306 7993 5371 
4 562 1023 6365 6794 
4 604 6655 7923 8873 
4 611 146 6528 7310 
4 628 3750 4415 7439 
4 639 9703 7013 8299 
4 649 3371 7116 8746 
4 651 4823 7956 3188 
4 658 3339 9667 3075 
4 659 9802 5531 7186 
4 673 1636 197 8659 
4 691 3905 3791 7253 
4 709 9542 8138 403 
4 723 4695 8689 2331 
4 727 384 6782 854 
4 739 4179 4527 3022 
4 760 513 634 9908 
4 791 7313 2115 1146 
4 797 8616 2160 7445 
4 801 2267 1049 2305 
4 820 5515 6632 7796 
4 834 6577 3769 2566 
4 836 3913 2282 8509 
4 862 6715 6752 5118 
4 868 8363 7218 6364 
4 877 3618 6842 4498 
4 889 6526 9741 926 
4 948 9131 370 2061 
4 954 3149 4194 2196 
4 962 7819 132 7863 
4 970 9649 2802 1085 
4 973 4041 2222 9247 
4 983 5487 6193 9286 
4 992 9866 3437 1322 
4 1013 7939 7950 7368 
4 1027 3891 1877 151 
4 1031 589 7105 4725 
4 1071 752 2064 2728 
4 1100 9761 648 4926 
4 1132 3654 4656 4771 
4 1203 9267 1101 714 
4 1233 2117 9765 2935 
4 1248 7064 8733 8603 
4 1249 8040 1522 7647 
4 1253 8736 2342 3196 
4 1256 5758 6188 7415 
4 1271 2401 150 4953 
4 1282 2045 5163 9106 
4 1285 8954 5901 5380 
4 1303 6202 9549 5556 
4 1305 5683 1523 3306 
4 1311 4619 6611 3781 
4 1323 9397 3087 8470 
4 1330 9853 7567 1200 
4 1341 9354 1524 4233 
4 1353 8854 5616 8004 
4 1357 1433 6913 3648 
4 1418 5042 7201 3647 
4 1423 6823 9483 5416 
4 1440 1429 6662 2000 
4 1445 8186 328 6134 
4 1464 7880 1040 6483 
4 1487 6146 7978 8204 
4 1494 1853 6110 7103 
4 1504 6370 3877 7696 
4 1509 6495 1164 1830 
4 1510 9151 3708 8267 
4 1532 1224 8932 8750 
4 1556 8479 6476 3904 
4 1591 1214 7825 7202 
4 1620 8637 1261 5547 
4 1621 6762 1677 7525 
4 1648 6220 846 9961 
4 1701 5982 636 5772 
4 1708 2985 7953 3253 
4 1713 1388 864 9888 
4 1717 5136 3745 1767 
4 1718 5579 5649 3540 
4 1720 373 7726 9514 
4 1729 398 8407 2489 
4 1762 5446 923 6133 
4 1800 4902 9283 6989 
4 1822 2649 8161 5627 
4 1849 8059 642 8617 
4 1861 4516 7920 8834 
4 1869 3029 7152 87 
4 1888 6680 9580 9776 
4 1923 780 8346 8047 
4 1934 2723 8777 3484 
4 1939 7752 5513 3677 
4 1965 1955 1671 4925 
4 1980 3692 5815 1856 
4 1996 7 9527 4131 
4 2006 3485 67 1336 
4 2012 3527 4573 4054 
4 2020 9366 2571 7209 
4 2055 2647 6477 251 
4 2068 6206 307 53 
4 2091 9238 9407 5644 
4 2105 8342 3895 7512 
4 2134 7542 1704 7884 
4 2136 290 4055 9602 
4 2144 4865 2490 6651 
4 2167 4774 540 9714 
4 2185 9325 1344 9546 
4 2220 4636 3912 7003 
4 2240 6557 5035 358 
4 2243 4637 5652 532 
4 2277 4410 7074 5916 
4 2296 9650 5474 3553 
4 2329 6366 4412 9922 
4 2351 4847 2293 7088 
4 2375 6297 6956 9166 
4 2376 1332 9848 3906 
4 2453 8432 9879 6988 
4 2503 7419 9684 9043 
4 2509 9614 3765 5048 
4 2510 7230 9072 7249 
4 2514 1364 5529 8168 
4 2529 737 1922 2398 
4 2538 5808 7699 3473 
4 2544 6882 850 8767 
4 2551 7592 3299 635 
4 2553 8845 4026 3966 
4 2554 9419 7210 9341 
4 2555 9550 3579 2573 
4 2562 6870 7990 9122 
4 2572 7834 4405 6170 
4 2590 7972 8056 5728 
4 2595 9569 9271 6273 
4 2598 8284 461 3273 
4 2600 6547 2652 6178 
4 2604 6834 8679 8712 
4 2608 8193 5172 1724 
4 2611 198 7454 4202 
4 2621 1952 4124 3749 
4 2633 4467 32 4704 
4 2642 4402 3155 3775 
4 2651 7596 5724 45 
4 2657 7250 773 2809 
4 2659 3564 9606 149 
4 2664 9828 7809 313 
4 2674 4638 3672 4139 
4 2687 4449 5744 9213 
4 2705 9747 7494 2828 
4 2716 9797 7524 8702 
4 2726 5945 839 1115 
4 2732 4995 6558 4912 
4 2741 3834 9626 4600 
4 2749 120 8601 2085 
4 2754 9250 5864 1228 
4 2772 8132 1476 1810 
4 2795 2124 3795 4579 
4 2804 8671 9689 2486 
4 2819 8591 3420 666 
4 2836 5156 2862 4150 
4 2837 6058 3271 6028 
4 2843 4318 4100 1287 
4 2848 7451 2628 6567 
4 2854 3001 1912 7443 
4 2879 7814 7545 2814 
4 2881 3 6198 8677 
4 2905 6537 2323 6927 
4 2907 7412 6320 432 
4 2920 676 4058 58 
4 2924 4706 3367 7618 
4 2927 4244 3376 3451 
4 2944 6467 2870 8865 
4 3002 7927 7135 4702 
4 3035 3728 8964 5207 
4 3047 2922 6176 443 
4 3052 4883 2877 4617 
4 3055 9900 446 8187 
4 3082 7617 3518 3037 
4 3083 4788 5046 7896 
4 3089 6171 9873 7673 
4 3096 7936 1114 6196 
4 3105 7603 9464 6444 
4 3112 4957 818 49 
4 3134 1839 2123 1936 
4 3136 8692 5785 8722 
4 3142 3825 8119 5251 
4 3176 7108 9620 3626 
4 3214 5845 9243 1136 
4 3257 9959 4147 5526 
4 3272 6756 1081 8384 
4 3280 5839 6656 8516 
4 3322 4668 3544 6389 
4 3323 3853 8527 6938 
4 3330 9425 9849 9350 
4 3344 5998 3516 5548 
4 3356 1552 8430 7385 
4 3362 5295 3607 4874 
4 3394 5503 1234 9168 
4 3396 333 4284 3950 
4 3402 5250 1765 5325 
4 3463 5713 8612 6252 
4 3480 5563 2165 5151 
4 3496 8286 8701 9722 
4 3498 738 1963 2106 
4 3499 9818 6613 4473 
4 3509 1601 1197 9597 
4 3542 7595 9305 887 
4 3561 3106 6985 3899 
4 3567 9161 9121 2221 
4 3582 7778 9214 4990 
4 3583 3228 3566 6168 
4 3596 2407 1827 6149 
4 3617 7149 2295 8833 
4 3621 2817 1231 1427 
4 3664 9182 5017 480 
4 3675 7518 3674 5007 
4 3689 4322 6550 4406 
4 3691 5875 9594 1010 
4 3760 7692 1015 6645 
4 3789 8198 9490 1825 
4 3802 9856 8697 9942 
4 3806 7346 7204 8653 
4 3808 7700 2994 8253 
4 3818 3229 2619 7050 
4 3822 3608 7318 1876 
4 3844 8745 7551 5625 
4 3857 6582 6313 4352 
4 3862 6215 8247 1866 
4 3873 2811 6731 6036 
4 3887 8606 900 1943 
4 3889 71 8116 9129 
4 3939 8652 9382 9852 
4 3942 2155 9618 1492 
4 3978 6329 9778 745 
4 4011 2226 1393 3092 
4 4031 1632 1819 8537 
4 4036 4631 3135 3505 
4 4052 4522 3132 4496 
4 4074 1812 1742 5873 
4 4078 8434 5058 9276 
4 4089 6111 1205 6053 
4 4107 4792 6741 9241 
4 4112 8851 2456 7579 
4 4151 8465 594 4167 
4 4228 2190 9799 4611 
4 4273 1562 9326 5418 
4 4279 4814 5710 4661 
4 4286 9730 8035 253 
4 4301 7361 9530 8032 
4 4331 9124 1976 9629 
4 4363 7659 2241 6155 
4 4375 1340 7489 1787 
4 4419 4692 3558 1837 
4 4428 3924 4066 4381 
4 4461 8123 4716 2565 
4 4479 5235 4506 9896 
4 4480 5791 3656 684 
4 4514 3308 4477 5593 
4 4532 7911 3062 1740 
4 4537 6976 9016 1595 
4 4550 9525 6129 5494 
4 4639 5530 1467 5205 
4 4696 9974 4727 4557 
4 4717 2957 8835 9363 
4 4766 9368 5898 9988 
4 4775 2320 8715 9453 
4 4819 6076 6800 9468 
4 4839 689 4720 2389 
4 4863 9529 8437 4574 
4 4870 2575 5518 9545 
4 4880 1584 5178 3145 
4 4904 8779 1883 924 
4 4907 622 8889 7768 
4 4917 2475 9019 6240 
4 4943 6778 7818 8898 
4 4969 7821 8153 4478 
4 5008 2462 9561 3244 
4 5020 5970 4572 1747 
4 5029 7943 3882 3983 
4 5038 5869 2874 9726 
4 5047 5551 6340 1021 
4 5051 7785 8894 8043 
4 5064 4452 2129 5467 
4 5066 859 8010 8332 
4 5075 8150 1529 1930 
4 5081 7259 4916 7945 
4 5083 1561 2932 6640 
4 5097 9192 3153 5461 
4 5120 3595 3914 7917 
4 5128 3120 8915 6616 
4 5140 5028 5131 8990 
4 5153 3352 3559 5085 
4 5155 3519 5777 2340 
4 5161 8823 4057 9631 
4 5164 1714 1743 2265 
4 5168 835 1886 9183 
4 5179 1512 39 5865 
4 5183 6208 8425 9971 
4 5190 4076 3337 8644 
4 5191 5776 5832 9222 
4 5197 2499 3024 3678 
4 5203 5488 96 6410 
4 5229 7770 2191 7480 
4 5233 6042 2043 8418 
4 5252 6466 804 3985 
4 5255 767 1061 3845 
4 5262 6649 947 4887 
4 5266 3655 6742 3830 
4 5271 7725 5904 6571 
4 5278 1491 9894 1004 
4 5284 8682 9221 9062 
4 5286 7824 55 8548 
4 5299 512 1507 1347 
4 5311 711 3129 4208 
4 5336 8607 3167 8625 
4 5341 2060 9119 9966 
4 5351 6144 1178 3137 
4 5357 5121 8148 6404 
4 5375 4490 1568 5686 
4 5378 264 3223 2952 
4 5383 3302 7937 4685 
4 5389 5720 407 1508 
4 5409 1889 385 3870 
4 5426 631 6226 4960 
4 5427 59 7569 7704 
4 5449 2089 6309 6377 
4 5462 8183 4367 7748 
4 5496 5553 9572 1998 
4 5522 6192 4079 4524 
4 5540 9965 6677 2008 
4 5559 3673 730 4649 
4 5574 201 7148 8397 
4 5578 7155 4861 3557 
4 5584 1948 5610 8707 
4 5600 3757 7643 774 
4 5615 2612 4200 6769 
4 5633 8478 1763 7464 
4 5641 6384 9718 1587 
4 5651 2345 5918 2096 
4 5653 9986 8152 336 
4 5666 278 4043 875 
4 5694 2353 9871 1483 
4 5718 5476 6747 7302 
4 5751 5308 9507 8453 
4 5773 2070 5101 4430 
4 5788 9746 8172 5170 
4 5796 4386 6735 2094 
4 5800 9265 2912 3278 
4 5829 3944 3997 4607 
4 5835 7104 8058 2141 
4 5879 8297 9755 8442 
4 5886 2861 6312 7444 
4 5891 18 9302 8997 
4 5899 7118 9078 7095 
4 5931 9295 1734 2080 
4 5948 1140 6981 5803 
4 5994 3028 1378 995 
4 6010 2308 8242 4044 
4 6012 4469 9695 3508 
4 6038 6639 5001 5090 
4 6052 263 8670 3885 
4 6060 2300 8233 7079 
4 6085 5849 6757 2585 
4 6093 4959 9559 3840 
4 6137 2213 2036 1711 
4 6152 1821 4307 4474 
4 6160 7316 3869 6050 
4 6231 5609 4390 6147 
4 6243 4565 7296 8956 
4 6256 9359 1037 1526 
4 6266 1484 1117 1542 
4 6296 3736 5902 559 
4 6300 7703 3842 8506 
4 6326 5366 8259 8849 
4 6328 5174 2939 1154 
4 6342 7540 7961 5214 
4 6343 1073 1681 8895 
4 6350 7166 8094 4837 
4 6357 4871 3375 137 
4 6367 4786 1684 7178 
4 6396 8079 778 1160 
4 6405 3248 4521 2488 
4 6414 2937 9599 916 
4 6419 9528 9320 7944 
4 6426 2558 82 9307 
4 6436 7870 2798 3892 
4 6463 1116 4361 2592 
4 6481 8063 6107 976 
4 6498 11 8101 8167 
4 6500 8328 7823 520 
4 6510 3511 8466 9769 
4 6517 4292 3107 4946 
4 6531 1712 8874 4975 
4 6534 4964 6381 4886 
4 6540 7678 5441 1361 
4 6565 5096 3126 9374 
4 6583 1833 56 5941 
4 6602 4983 4509 3792 
4 6605 654 9605 5359 
4 6627 2313 6359 6777 
4 6673 7255 5705 1726 
4 6676 245 6123 2203 
4 6702 5989 2246 4106 
4 6713 9984 174 3969 
4 6724 7463 7238 529 
4 6733 7215 3746 145 
4 6738 2023 3526 5324 
4 6770 9907 9014 7624 
4 6811 687 2535 4551 
4 6822 2368 10 7130 
4 6835 4604 4663 6856 
4 6852 8931 4731 1430 
4 6864 688 297 8714 
4 6890 3050 7740 208 
4 6932 844 1122 9895 
4 6965 9921 8036 7008 
4 7010 7363 1570 6205 
4 7032 4135 2274 3896 
4 7041 8367 5665 706 
4 7057 6580 3632 5854 
4 7069 912 556 164 
4 7090 8239 3258 4093 
4 7100 3697 1396 3015 
4 7101 2459 4670 9256 
4 7170 5209 1845 8348 
4 7175 2766 2484 8044 
4 7198 8911 8240 683 
4 7219 139 117 2007 
4 7262 8197 2584 8754 
4 7267 8338 3293 2964 
4 7273 8673 4230 5013 
4 7290 9128 8585 7369 
4 7344 9732 1817 1359 
4 7375 7558 4126 4627 
4 7406 9340 4965 7756 
4 7409 5052 936 2968 
4 7424 8650 8293 6451 
4 7426 65 463 4690 
4 7432 9390 5056 2309 
4 7436 8322 7543 3309 
4 7457 9246 3276 6721 
4 7466 5310 1210 8485 
4 7475 5919 2718 6638 
4 7496 2127 6623 2872 
4 7516 1988 5219 1851 
4 7529 9906 7710 5231 
4 7536 593 9691 5622 
4 7577 7515 876 5211 
4 7594 6102 3932 7278 
4 7622 8305 3828 7954 
4 7648 4240 6935 4185 
4 7666 9719 656 931 
4 7689 6157 289 8609 
4 7759 9111 2941 8839 
4 7803 178 4859 1847 
4 7839 4951 9751 7212 
4 7841 2516 206 3239 
4 7872 7151 4650 3973 
4 7875 1096 522 6316 
4 7888 2364 9779 2009 
4 7907 6703 5824 4170 
4 7966 1159 2697 9499 
4 7983 1372 5962 565 
4 8026 7145 4940 4141 
4 8129 590 2999 8468 
4 8134 4137 9252 3368 
4 8137 5981 1129 6984 
4 8163 6363 4351 7629 
4 8189 5905 6459 9004 
4 8210 4582 8477 214 
4 8238 7764 6443 7734 
4 8314 717 2112 1202 
4 8320 4644 7792 6668 
4 8325 4933 142 236 
4 8355 8684 3573 1994 
4 8375 3114 766 9539 
4 8401 4997 4857 3980 
4 8423 5094 1642 7610 
4 8431 5909 8811 257 
4 8449 9123 9154 645 
4 8452 1756 998 2395 
4 8501 2536 6 4259 
4 8517 6228 1884 7777 
4 8524 1094 9552 4655 
4 8543 6994 7330 8199 
4 8563 4235 7326 3042 
4 8579 3443 7671 9365 
4 8639 8814 8837 8636 
4 8648 4442 7413 6628 
4 8658 2259 7359 9690 
4 8683 5793 8614 171 
4 8696 9165 9376 4703 
4 8721 7231 3072 2962 
4 8740 3297 362 735 
4 8766 4091 7286 5794 
4 8785 5583 6584 3629 
4 8789 2765 2887 6849 
4 8810 9864 4592 4989 
4 8824 5492 2095 8200 
4 8866 9585 2162 1820 
4 8900 6827 2254 3945 
4 8907 4357 9806 9511 
4 8929 4293 4134 5239 
4 8940 7583 2686 4657 
4 8944 4875 5517 898 
4 8967 6415 5149 5544 
4 8991 7168 5570 5363 
4 9002 5044 5671 9976 
4 9028 8176 7382 3531 
4 9048 5006 6957 1895 
4 9063 110 5602 8641 
4 9091 3839 7662 4773 
4 9092 4884 6914 4867 
4 9135 5330 8003 1975 
4 9143 4187 2461 3422 
4 9196 4561 3357 9263 
4 9197 3379 1001 7613 
4 9201 4064 2806 7914 
4 9215 1598 6380 534 
4 9234 2081 7037 9456 
4 9235 3457 4808 8392 
4 9289 7715 1050 2982 
4 9337 1406 9220 8333 
4 9361 8241 1723 8019 
4 9383 7549 4848 6839 
4 9394 6289 210 2783 
4 9429 1339 1471 6490 
4 9433 2752 453 1385 
4 9443 7208 371 2212 
4 9450 9930 8947 8529 
4 9459 8597 960 4559 
4 9471 9968 8651 1505 
4 9479 5355 2457 7683 
4 9496 404 1533 7356 
4 9523 4222 5244 750 
4 9568 281 4090 63 
4 9576 4475 8250 8553 
4 9588 5733 1351 5332 
4 9612 3987 1737 9487 
4 9637 7391 4711 321 
4 9663 7374 8861 1422 
4 9675 5236 9426 4977 
4 9709 33 2381 6361 
4 9713 62 9917 4102 
4 9784 2736 7196 213 
4 9793 6857 4495 6514 
4 9813 8775 8287 3295 
4 9843 2776 2245 4161 
4 9855 5457 5489 3704 
4 9868 909 7530 8376 
4 9880 7677 7934 9962 
4 9946 4374 7308 4320 
4 9948 7534 8938 1609 
4 9952 1564 7153 3730 
4 9999 5086 6784 5856 
